1900
2350
1135
1249
2233
3580
1119
2378
3579
4556
5577
1450
3340
3670
1155
1236
1357
1999
2800
1137
1256
4468
1270
2570
2479
3469
4699
6668
3700
1470
2390
1225
1344
3777
4666
5689
1157
1238
1359
1579
2255
2488
3599
4600
4680
1139
2569
3566
1290
5690
1126
1366
1588
4567
4778
5500
1144
1788
2459
2789
3788
4479
2260
2660
1166
2677
3379
3667
5599
6679
1560
3490
1228
3568
5566
1128
1245
1333
1469
2259
3388
1180
1146
1267
1348
1799
2888
3458
5779
1360
3489
4789
5667
2480
1117
1147
2369
3359
4499
6790
1247
1335
1377
1478
3678
4457
4578
1148
1234
1889
2899
3889
1380
6880
1678
2268
2558
3445