1460
2380
3370
4660
8890
1224
1339
1389
1689
2235
2456
2567
2778
3348
3448
3558
3699
4599
5556
5688
2230
3680
5590
1124
1156
1237
1279
1358
1578
2222
2249
2338
2388
3334
3589
4446
3390
4670
8990
1138
1257
1556
1778
2457
2779
3349
3449
3559
6889
1280
2240
2580
3770
5680
1125
1466
2389
2668
3377
3477
4447
4566
4777
1490
2444
3460
9990
1226
1258
1345
1446
1557
1779
2237
2288
2359
2458
2788
3355
3778
4667
5699
7778
2250
2590
3780
1239
1289
1467
2256
2344
2399
2489
2669
3336
3378
4448
1240
1790
2490
3570
5560
1118
1355
1568
2246
2335
2377
2589
3366
4555
5569
2340
2880
4560
1134
1248
1336
3345
4888
5677
1150
2460
4770
1115
1145
1266
1347
1559
1789
2466
2578
2799
3457
3789
4488
7889
1350
2270
2670
4460
5790
1368
2678
3338
3668
4455
4569
4788
6688
1550
2450
3470
4690
1114
1227
1259
1447
2366
2577
3356
3567
4668
1330
3790
5780
1127
1244
1299
1468
2225
2258
2345
2444
2499
3337
3479
1346
1590
2470
3550
4880
1116
1229
1449
2244
2333
2579
3799
4677
7899
2280
2680
4490
6690
1129
1334
1477
2227
2266
2556
2679
3389
3677
4456
4577
6689
1190
1690
3560
5550
1233
1268
1349
1567
1888
2468
2588
2889
3888
5568
8888
1370
2290
2780
4550
1133
1669
2267
2447
2557
2688
3344
3399
3499
4799
1390
2890
7790
1222
1379
1488
1679
2355
2699
3446
3688
1250
1890
2550
5570
1149
1235
1356
1569
2599
2999
3367
3899
4688
8999
2500
2370
4590
7890
1136
1223
1255
1338
1489
1688
2234
2277
2356
2455
2566
2777
3347
3447
3557
3689
4589
5555
1260
1990
2560
5580
1123
1278
1458
2248
2337
3333
3468
4689
5578
5999