4580
2269
2449
2559
3346
3556
4588
5678
6788
1277
1457
2247
2336
2477
3467
5889
1388
4467
5679
2379
2478
2666
3368
3588
4445
4557
9999
1555
2278
2357
6799
1459
2667
3369
4559
5579
1445
2236
2279
2568
4469
5557
1288
2223
2339
6669
4478
5558
2224
3666
5589
6678
1558
2238
2289
3456
5559
5777
7779
1367
1589
4449
4568
4779
1448
2239
2299
2367
3357
4669
5778
1167
1599
2226
2346
2445
2555
3488
5666
1566
2368
2467
3358
3569
4489
5567
1168
1246
1369
1668
2446
3339
1455
2245
2334
3459
3577
4678
5789
1189
2228
5669
6699
1269
1456
2469
3466
3578
4679
5888
8889
1378
1479
2229
2349
2448
2689
3555
3679
4458
4579
6779